color_assignmentNEW = {
    0: (100,0,0,255), #background
    1: (121,141,205,255), #skin
    2: (121,141,205,255), #skin
    3: (0,255,0,255),
    4: (0,255,0,255),
    5: (0,255,0,255),
    6: (0,255,0,255),
    7: (0,255,0,255),
    8: (0,255,0,255),
    9: (0,255,0,255),
    11: (34,34,34,255),#hair and shoe
    12: (0,255,0,255),
    13: (0,255,0,255),
    14: (0,0,0,0),
    15: (0,255,0,255),#shoes
    16: (0,255,0,255),#shoes
    17: (0,255,0,255),
    18: (0,255,0,255),
    19: (0,255,0,255),
    20: (0,255,0,255),
    21: (0,255,0,255),
    22: (5,56,182,255), #tshirt
    23: (34,34,34,255)  #skirt and shoe
}